[740.           1.27631538]	[39 27 62 43 12 27 21 51 56 57 42 17 16 54 33 51 36 46 33 49 36 29 21  4
 24  5 62 11 51 55 44 36 10 29]
[750.           1.27242506]	[22 49 34 52 30 37 50  6 34 23 38 61 25 25 50 41 25 44 25  8 28 21 13 59
 44 38 47 34 44 59 55 10 16  4]
[752.           1.24434941]	[55 14 37 19 58 58 16  7 12 55 52 63 15 37 26 39 23  6 33 30  9 39 34 58
  9 48 14 62 50  0 20 55 33 34]
[812.           1.17814743]	[57  0  4 17 10  2 30 12 17 39 26 17 37 24  1 13 21 61 19 44 31 53  4 11
 63 39 28 49 57 12 24 24 20 32]
[820.           1.16669566]	[50  0 56 47 35  0 50 20  2 43 49 40 53  5  1 58 29 13  2 48 12 37 26 27
 55 31 51 53  5  1 50 31 37  1]
[923.           1.13614334]	[50  0 19 51  0  0 50 13  2 43 50 15 37  5  1 63 29 13  2 48 12 37 26 26
 55 62 18 51  5  1 54 32 60 32]
[756.           1.20025142]	[37  4 32 17 22  6 50  5 63 13 44 17 15 14 41 47 38 35 13 48 46 37 55  0
 25 52 54 52 45 13 17  0 12 42]
[959.           1.13196997]	[49 33  8  0 41 22 30 27 57 13 25 17  1 34  1 14 12 61  7 62 35 49 12  5
 25 51 12 48  2 13  1 25 24 42]
[901.           1.16363639]	[28  2 21 24 10 29 26 13 58 39 26 17  4  5  1 14 29 14 19 44 33 51 10 26
 56 62 18 49  2 12  1 32 24 42]
[989.           1.10430172]	[50  0 56 45 10  0 26 12 18 39 48 20  4  5  1 14 29 12  2 44 13 52 10 26
 63 31 48 49  2  1  1 31 20  1]
[1009.            1.05596342]	[51  0 20 51  0  1 50 26  0 43 50 17  4  1  1 63 10 13 19 48 12 37 27  5
 56 51 18 51  5  0  1 24 38 33]
[968.           1.13083754]	[49 33  8  0 42 22 30 27 57 13 25 17  1 34  1 14 12 61  7 62 35 49 12  5
 25 40 12 48  2 13  1 24 24 42]
[708.           1.31215672]	[39  4 62 17 58 27 21 51 56 54 42 63 60 54 44 32 22 63 24 48 22 23 61 58
  5  5 29 62 51 55 43 36 11 30]
[985.           1.11036368]	[50  0 56 45  9  0 30 12 17 39 48 41 35  5  1 15 29 12  2 45 12 37  3 27
 63 31 48 49  7  1  1 31 20  1]
[911.           1.16223839]	[22  4 37 19 59  0 52 26 10 31 46 13 40  9 27 61 21  6 24 44 22 39 10 56
  7 48 13 33 50  1  1 22 24 34]
