FP WEIGHT 1 LAYER:
tensor([[[-5.4354e-02,  4.0772e-02, -7.0879e-02, -1.5894e-02,  2.5351e-02],
         [-8.5071e-02, -3.6271e-02, -3.5362e-02, -5.6764e-02, -9.6053e-02],
         [-7.9009e-02, -6.3901e-02, -8.4397e-02, -5.4261e-02, -6.8119e-02],
         [ 2.1060e-02, -4.2086e-02,  6.5998e-02, -9.6770e-02, -8.3874e-02],
         [ 1.0875e-02,  3.1222e-02, -2.1301e-02, -9.3790e-02,  3.6793e-02]],

        [[-3.3207e-02, -3.9256e-02, -6.8010e-02, -1.1241e-02, -1.8258e-02],
         [ 5.0596e-02,  3.8250e-02,  7.8320e-02,  4.4473e-02,  7.2142e-02],
         [ 9.0524e-02, -1.1428e-01, -3.2514e-02,  8.1525e-03,  2.3584e-02],
         [ 5.6601e-02,  3.7481e-02, -1.0951e-01,  2.0010e-02, -7.5239e-02],
         [-5.5183e-03,  2.9148e-02,  8.9577e-02,  7.8261e-02,  1.0527e-01]],

        [[ 8.8275e-02,  1.1373e-01,  8.6163e-03, -7.1216e-02, -7.0982e-02],
         [ 1.0596e-01,  6.7810e-02,  4.7077e-02,  7.2956e-03, -7.6773e-02],
         [ 9.3802e-02, -7.3490e-02,  3.5575e-02,  1.0077e-02,  5.3706e-02],
         [ 5.2890e-02, -5.4120e-02,  2.5699e-02,  5.8125e-02,  1.0358e-01],
         [-5.6699e-05, -1.5259e-02,  1.6315e-02, -7.4647e-02,  6.0890e-02]]],
       grad_fn=<SelectBackward>)
QUANT WEIGHT 1 LAYER:
tensor([[[-0.0545,  0.0409, -0.0709, -0.0155,  0.0255],
         [-0.0855, -0.0364, -0.0355, -0.0564, -0.0964],
         [-0.0791, -0.0636, -0.0845, -0.0545, -0.0682],
         [ 0.0209, -0.0418,  0.0664, -0.0964, -0.0836],
         [ 0.0109,  0.0309, -0.0209, -0.0936,  0.0364]],

        [[-0.0336, -0.0391, -0.0682, -0.0109, -0.0182],
         [ 0.0509,  0.0382,  0.0782,  0.0445,  0.0718],
         [ 0.0909, -0.1145, -0.0327,  0.0082,  0.0236],
         [ 0.0564,  0.0373, -0.1091,  0.0200, -0.0755],
         [-0.0055,  0.0291,  0.0900,  0.0782,  0.1055]],

        [[ 0.0882,  0.1136,  0.0082, -0.0709, -0.0709],
         [ 0.1064,  0.0682,  0.0473,  0.0073, -0.0764],
         [ 0.0936, -0.0736,  0.0355,  0.0100,  0.0536],
         [ 0.0527, -0.0545,  0.0255,  0.0582,  0.1036],
         [ 0.0000, -0.0155,  0.0164, -0.0745,  0.0609]]],
       grad_fn=<SelectBackward>)
WEIGHT FROM MODULE 1 LAYER:
tensor([[[-5.4354e-02,  4.0772e-02, -7.0879e-02, -1.5894e-02,  2.5351e-02],
         [-8.5071e-02, -3.6271e-02, -3.5362e-02, -5.6764e-02, -9.6053e-02],
         [-7.9009e-02, -6.3901e-02, -8.4397e-02, -5.4261e-02, -6.8119e-02],
         [ 2.1060e-02, -4.2086e-02,  6.5998e-02, -9.6770e-02, -8.3874e-02],
         [ 1.0875e-02,  3.1222e-02, -2.1301e-02, -9.3790e-02,  3.6793e-02]],

        [[-3.3207e-02, -3.9256e-02, -6.8010e-02, -1.1241e-02, -1.8258e-02],
         [ 5.0596e-02,  3.8250e-02,  7.8320e-02,  4.4473e-02,  7.2142e-02],
         [ 9.0524e-02, -1.1428e-01, -3.2514e-02,  8.1525e-03,  2.3584e-02],
         [ 5.6601e-02,  3.7481e-02, -1.0951e-01,  2.0010e-02, -7.5239e-02],
         [-5.5183e-03,  2.9148e-02,  8.9577e-02,  7.8261e-02,  1.0527e-01]],

        [[ 8.8275e-02,  1.1373e-01,  8.6163e-03, -7.1216e-02, -7.0982e-02],
         [ 1.0596e-01,  6.7810e-02,  4.7077e-02,  7.2956e-03, -7.6773e-02],
         [ 9.3802e-02, -7.3490e-02,  3.5575e-02,  1.0077e-02,  5.3706e-02],
         [ 5.2890e-02, -5.4120e-02,  2.5699e-02,  5.8125e-02,  1.0358e-01],
         [-5.6699e-05, -1.5259e-02,  1.6315e-02, -7.4647e-02,  6.0890e-02]]],
       grad_fn=<SelectBackward>)

EPOCH:0FP WEIGHT 1 LAYER:
tensor([[[-7.7678e-02,  1.2731e-02, -8.6882e-02, -2.6722e-02,  9.8140e-03],
         [-1.2138e-01, -6.3525e-02, -5.5711e-02, -7.7924e-02, -1.1501e-01],
         [-1.3192e-01, -9.1040e-02, -1.1527e-01, -9.4097e-02, -1.0214e-01],
         [-1.6435e-02, -5.7439e-02,  5.0551e-02, -1.2066e-01, -1.1369e-01],
         [-7.9652e-05,  2.7228e-02, -1.8790e-02, -8.9800e-02,  2.4505e-02]],

        [[-3.6323e-02, -4.6616e-02, -6.0489e-02, -1.0489e-03, -1.5417e-02],
         [ 4.0325e-02,  3.9226e-02,  8.6607e-02,  4.9642e-02,  7.5786e-02],
         [ 6.3539e-02, -1.1249e-01, -3.4058e-02, -4.9558e-03,  1.2344e-02],
         [ 3.8203e-02,  4.3608e-02, -1.0311e-01,  1.6954e-02, -8.7855e-02],
         [-5.6713e-03,  3.7562e-02,  1.0523e-01,  9.3942e-02,  1.0135e-01]],

        [[ 1.2529e-01,  1.4446e-01,  5.3725e-02, -2.3909e-02, -3.3173e-02],
         [ 1.3853e-01,  1.1109e-01,  9.6640e-02,  5.3314e-02, -3.3785e-02],
         [ 1.1006e-01, -2.6297e-02,  7.8170e-02,  3.9092e-02,  8.2312e-02],
         [ 7.3297e-02, -7.7252e-03,  7.2176e-02,  9.4016e-02,  1.2642e-01],
         [ 3.3530e-02,  2.6598e-02,  6.5419e-02, -2.6457e-02,  8.5109e-02]]],
       grad_fn=<SelectBackward>)
QUANT WEIGHT 1 LAYER:
tensor([[[-0.0779,  0.0127, -0.0864, -0.0269,  0.0099],
         [-0.1217, -0.0637, -0.0552, -0.0779, -0.1147],
         [-0.1317, -0.0906, -0.1147, -0.0934, -0.1019],
         [-0.0170, -0.0580,  0.0510, -0.1203, -0.1132],
         [ 0.0000,  0.0269, -0.0184, -0.0892,  0.0241]],

        [[-0.0368, -0.0467, -0.0609, -0.0014, -0.0156],
         [ 0.0396,  0.0396,  0.0864,  0.0495,  0.0764],
         [ 0.0637, -0.1118, -0.0340, -0.0057,  0.0127],
         [ 0.0382,  0.0439, -0.1033,  0.0170, -0.0878],
         [-0.0057,  0.0382,  0.1048,  0.0934,  0.1019]],

        [[ 0.1260,  0.1444,  0.0538, -0.0241, -0.0326],
         [ 0.1387,  0.1104,  0.0963,  0.0538, -0.0340],
         [ 0.1104, -0.0269,  0.0779,  0.0396,  0.0821],
         [ 0.0736, -0.0071,  0.0722,  0.0934,  0.1260],
         [ 0.0340,  0.0269,  0.0651, -0.0269,  0.0849]]],
       grad_fn=<SelectBackward>)
WEIGHT FROM MODULE 1 LAYER:
tensor([[[-7.7678e-02,  1.2731e-02, -8.6882e-02, -2.6722e-02,  9.8140e-03],
         [-1.2138e-01, -6.3525e-02, -5.5711e-02, -7.7924e-02, -1.1501e-01],
         [-1.3192e-01, -9.1040e-02, -1.1527e-01, -9.4097e-02, -1.0214e-01],
         [-1.6435e-02, -5.7439e-02,  5.0551e-02, -1.2066e-01, -1.1369e-01],
         [-7.9652e-05,  2.7228e-02, -1.8790e-02, -8.9800e-02,  2.4505e-02]],

        [[-3.6323e-02, -4.6616e-02, -6.0489e-02, -1.0489e-03, -1.5417e-02],
         [ 4.0325e-02,  3.9226e-02,  8.6607e-02,  4.9642e-02,  7.5786e-02],
         [ 6.3539e-02, -1.1249e-01, -3.4058e-02, -4.9558e-03,  1.2344e-02],
         [ 3.8203e-02,  4.3608e-02, -1.0311e-01,  1.6954e-02, -8.7855e-02],
         [-5.6713e-03,  3.7562e-02,  1.0523e-01,  9.3942e-02,  1.0135e-01]],

        [[ 1.2529e-01,  1.4446e-01,  5.3725e-02, -2.3909e-02, -3.3173e-02],
         [ 1.3853e-01,  1.1109e-01,  9.6640e-02,  5.3314e-02, -3.3785e-02],
         [ 1.1006e-01, -2.6297e-02,  7.8170e-02,  3.9092e-02,  8.2312e-02],
         [ 7.3297e-02, -7.7252e-03,  7.2176e-02,  9.4016e-02,  1.2642e-01],
         [ 3.3530e-02,  2.6598e-02,  6.5419e-02, -2.6457e-02,  8.5109e-02]]],
       grad_fn=<SelectBackward>)


EPOCH:1FP WEIGHT 1 LAYER:
tensor([[[-0.0870, -0.0002, -0.0949, -0.0352,  0.0018],
         [-0.1378, -0.0756, -0.0647, -0.0902, -0.1273],
         [-0.1581, -0.1066, -0.1340, -0.1170, -0.1232],
         [-0.0335, -0.0665,  0.0377, -0.1351, -0.1308],
         [-0.0014,  0.0277, -0.0168, -0.0860,  0.0201]],

        [[-0.0273, -0.0408, -0.0506,  0.0064, -0.0104],
         [ 0.0455,  0.0502,  0.1000,  0.0578,  0.0806],
         [ 0.0577, -0.1049, -0.0303, -0.0071,  0.0085],
         [ 0.0353,  0.0510, -0.0994,  0.0187, -0.0917],
         [ 0.0005,  0.0467,  0.1166,  0.1066,  0.1034]],

        [[ 0.1408,  0.1550,  0.0653, -0.0184, -0.0334],
         [ 0.1520,  0.1294,  0.1152,  0.0636, -0.0299],
         [ 0.1128, -0.0103,  0.0886,  0.0410,  0.0797],
         [ 0.0767,  0.0058,  0.0808,  0.0985,  0.1229],
         [ 0.0425,  0.0381,  0.0777, -0.0145,  0.0841]]],
       grad_fn=<SelectBackward>)
QUANT WEIGHT 1 LAYER:
tensor([[[-0.0863,  0.0000, -0.0943, -0.0352,  0.0016],
         [-0.1374, -0.0751, -0.0639, -0.0895, -0.1278],
         [-0.1582, -0.1071, -0.1342, -0.1166, -0.1230],
         [-0.0336, -0.0671,  0.0383, -0.1358, -0.1310],
         [-0.0016,  0.0272, -0.0160, -0.0863,  0.0208]],

        [[-0.0272, -0.0415, -0.0511,  0.0064, -0.0112],
         [ 0.0447,  0.0495,  0.1007,  0.0575,  0.0799],
         [ 0.0575, -0.1055, -0.0304, -0.0064,  0.0080],
         [ 0.0352,  0.0511, -0.0991,  0.0192, -0.0911],
         [ 0.0000,  0.0463,  0.1166,  0.1071,  0.1039]],

        [[ 0.1406,  0.1550,  0.0655, -0.0192, -0.0336],
         [ 0.1518,  0.1294,  0.1150,  0.0639, -0.0304],
         [ 0.1134, -0.0096,  0.0879,  0.0415,  0.0799],
         [ 0.0767,  0.0064,  0.0815,  0.0991,  0.1230],
         [ 0.0431,  0.0383,  0.0783, -0.0144,  0.0847]]],
       grad_fn=<SelectBackward>)
WEIGHT FROM MODULE 1 LAYER:
tensor([[[-0.0870, -0.0002, -0.0949, -0.0352,  0.0018],
         [-0.1378, -0.0756, -0.0647, -0.0902, -0.1273],
         [-0.1581, -0.1066, -0.1340, -0.1170, -0.1232],
         [-0.0335, -0.0665,  0.0377, -0.1351, -0.1308],
         [-0.0014,  0.0277, -0.0168, -0.0860,  0.0201]],

        [[-0.0273, -0.0408, -0.0506,  0.0064, -0.0104],
         [ 0.0455,  0.0502,  0.1000,  0.0578,  0.0806],
         [ 0.0577, -0.1049, -0.0303, -0.0071,  0.0085],
         [ 0.0353,  0.0510, -0.0994,  0.0187, -0.0917],
         [ 0.0005,  0.0467,  0.1166,  0.1066,  0.1034]],

        [[ 0.1408,  0.1550,  0.0653, -0.0184, -0.0334],
         [ 0.1520,  0.1294,  0.1152,  0.0636, -0.0299],
         [ 0.1128, -0.0103,  0.0886,  0.0410,  0.0797],
         [ 0.0767,  0.0058,  0.0808,  0.0985,  0.1229],
         [ 0.0425,  0.0381,  0.0777, -0.0145,  0.0841]]],
       grad_fn=<SelectBackward>)


EPOCH:2FP WEIGHT 1 LAYER:
tensor([[[-0.0927, -0.0078, -0.0994, -0.0411, -0.0019],
         [-0.1505, -0.0866, -0.0731, -0.1000, -0.1345],
         [-0.1778, -0.1215, -0.1507, -0.1340, -0.1367],
         [-0.0476, -0.0753,  0.0271, -0.1451, -0.1420],
         [-0.0047,  0.0255, -0.0165, -0.0836,  0.0173]],

        [[-0.0199, -0.0344, -0.0419,  0.0122, -0.0037],
         [ 0.0495,  0.0578,  0.1092,  0.0646,  0.0876],
         [ 0.0538, -0.1010, -0.0289, -0.0072,  0.0091],
         [ 0.0325,  0.0555, -0.0965,  0.0219, -0.0919],
         [ 0.0035,  0.0516,  0.1245,  0.1162,  0.1063]],

        [[ 0.1507,  0.1627,  0.0725, -0.0174, -0.0347],
         [ 0.1600,  0.1402,  0.1256,  0.0688, -0.0273],
         [ 0.1132, -0.0021,  0.0927,  0.0416,  0.0789],
         [ 0.0768,  0.0135,  0.0858,  0.1024,  0.1213],
         [ 0.0458,  0.0432,  0.0849, -0.0068,  0.0831]]],
       grad_fn=<SelectBackward>)
QUANT WEIGHT 1 LAYER:
tensor([[[-0.0925, -0.0073, -0.0997, -0.0417, -0.0018],
         [-0.1505, -0.0870, -0.0725, -0.0997, -0.1342],
         [-0.1777, -0.1215, -0.1505, -0.1342, -0.1360],
         [-0.0471, -0.0761,  0.0272, -0.1450, -0.1414],
         [-0.0054,  0.0254, -0.0163, -0.0834,  0.0181]],

        [[-0.0199, -0.0344, -0.0417,  0.0127, -0.0036],
         [ 0.0490,  0.0580,  0.1088,  0.0653,  0.0870],
         [ 0.0544, -0.1015, -0.0290, -0.0073,  0.0091],
         [ 0.0326,  0.0562, -0.0961,  0.0218, -0.0925],
         [ 0.0036,  0.0508,  0.1251,  0.1160,  0.1070]],

        [[ 0.1505,  0.1632,  0.0725, -0.0181, -0.0344],
         [ 0.1596,  0.1396,  0.1251,  0.0689, -0.0272],
         [ 0.1124, -0.0018,  0.0925,  0.0417,  0.0798],
         [ 0.0761,  0.0127,  0.0852,  0.1015,  0.1215],
         [ 0.0453,  0.0435,  0.0852, -0.0073,  0.0834]]],
       grad_fn=<SelectBackward>)
WEIGHT FROM MODULE 1 LAYER:
tensor([[[-0.0927, -0.0078, -0.0994, -0.0411, -0.0019],
         [-0.1505, -0.0866, -0.0731, -0.1000, -0.1345],
         [-0.1778, -0.1215, -0.1507, -0.1340, -0.1367],
         [-0.0476, -0.0753,  0.0271, -0.1451, -0.1420],
         [-0.0047,  0.0255, -0.0165, -0.0836,  0.0173]],

        [[-0.0199, -0.0344, -0.0419,  0.0122, -0.0037],
         [ 0.0495,  0.0578,  0.1092,  0.0646,  0.0876],
         [ 0.0538, -0.1010, -0.0289, -0.0072,  0.0091],
         [ 0.0325,  0.0555, -0.0965,  0.0219, -0.0919],
         [ 0.0035,  0.0516,  0.1245,  0.1162,  0.1063]],

        [[ 0.1507,  0.1627,  0.0725, -0.0174, -0.0347],
         [ 0.1600,  0.1402,  0.1256,  0.0688, -0.0273],
         [ 0.1132, -0.0021,  0.0927,  0.0416,  0.0789],
         [ 0.0768,  0.0135,  0.0858,  0.1024,  0.1213],
         [ 0.0458,  0.0432,  0.0849, -0.0068,  0.0831]]],
       grad_fn=<SelectBackward>)


EPOCH:3FP WEIGHT 1 LAYER:
tensor([[[-0.0972, -0.0133, -0.1022, -0.0459, -0.0032],
         [-0.1624, -0.0967, -0.0813, -0.1102, -0.1410],
         [-0.1943, -0.1332, -0.1637, -0.1467, -0.1467],
         [-0.0590, -0.0808,  0.0203, -0.1515, -0.1497],
         [-0.0071,  0.0252, -0.0145, -0.0802,  0.0162]],

        [[-0.0167, -0.0306, -0.0361,  0.0149,  0.0014],
         [ 0.0490,  0.0610,  0.1137,  0.0663,  0.0908],
         [ 0.0477, -0.0996, -0.0290, -0.0076,  0.0094],
         [ 0.0281,  0.0589, -0.0939,  0.0253, -0.0915],
         [ 0.0046,  0.0555,  0.1312,  0.1244,  0.1087]],

        [[ 0.1581,  0.1696,  0.0788, -0.0171, -0.0347],
         [ 0.1644,  0.1480,  0.1327,  0.0705, -0.0263],
         [ 0.1124,  0.0050,  0.0968,  0.0436,  0.0794],
         [ 0.0768,  0.0213,  0.0920,  0.1080,  0.1221],
         [ 0.0484,  0.0483,  0.0925,  0.0014,  0.0840]]],
       grad_fn=<SelectBackward>)
QUANT WEIGHT 1 LAYER:
tensor([[[-0.0964, -0.0123, -0.1025, -0.0451, -0.0041],
         [-0.1620, -0.0964, -0.0820, -0.1107, -0.1415],
         [-0.1948, -0.1333, -0.1640, -0.1476, -0.1476],
         [-0.0595, -0.0800,  0.0205, -0.1517, -0.1497],
         [-0.0062,  0.0246, -0.0144, -0.0800,  0.0164]],

        [[-0.0164, -0.0308, -0.0369,  0.0144,  0.0021],
         [ 0.0492,  0.0615,  0.1128,  0.0656,  0.0902],
         [ 0.0472, -0.1005, -0.0287, -0.0082,  0.0103],
         [ 0.0287,  0.0595, -0.0943,  0.0246, -0.0923],
         [ 0.0041,  0.0554,  0.1312,  0.1251,  0.1087]],

        [[ 0.1579,  0.1702,  0.0779, -0.0164, -0.0349],
         [ 0.1640,  0.1476,  0.1333,  0.0697, -0.0267],
         [ 0.1128,  0.0041,  0.0964,  0.0431,  0.0800],
         [ 0.0759,  0.0205,  0.0923,  0.1087,  0.1230],
         [ 0.0492,  0.0492,  0.0923,  0.0021,  0.0841]]],
       grad_fn=<SelectBackward>)
WEIGHT FROM MODULE 1 LAYER:
tensor([[[-0.0972, -0.0133, -0.1022, -0.0459, -0.0032],
         [-0.1624, -0.0967, -0.0813, -0.1102, -0.1410],
         [-0.1943, -0.1332, -0.1637, -0.1467, -0.1467],
         [-0.0590, -0.0808,  0.0203, -0.1515, -0.1497],
         [-0.0071,  0.0252, -0.0145, -0.0802,  0.0162]],

        [[-0.0167, -0.0306, -0.0361,  0.0149,  0.0014],
         [ 0.0490,  0.0610,  0.1137,  0.0663,  0.0908],
         [ 0.0477, -0.0996, -0.0290, -0.0076,  0.0094],
         [ 0.0281,  0.0589, -0.0939,  0.0253, -0.0915],
         [ 0.0046,  0.0555,  0.1312,  0.1244,  0.1087]],

        [[ 0.1581,  0.1696,  0.0788, -0.0171, -0.0347],
         [ 0.1644,  0.1480,  0.1327,  0.0705, -0.0263],
         [ 0.1124,  0.0050,  0.0968,  0.0436,  0.0794],
         [ 0.0768,  0.0213,  0.0920,  0.1080,  0.1221],
         [ 0.0484,  0.0483,  0.0925,  0.0014,  0.0840]]],
       grad_fn=<SelectBackward>)


EPOCH:4FP WEIGHT 1 LAYER:
tensor([[[-0.0992, -0.0155, -0.1032, -0.0515, -0.0053],
         [-0.1707, -0.1028, -0.0865, -0.1187, -0.1465],
         [-0.2066, -0.1404, -0.1725, -0.1570, -0.1556],
         [-0.0684, -0.0862,  0.0138, -0.1585, -0.1578],
         [-0.0083,  0.0239, -0.0151, -0.0799,  0.0143]],

        [[-0.0148, -0.0271, -0.0317,  0.0136,  0.0020],
         [ 0.0485,  0.0651,  0.1181,  0.0670,  0.0922],
         [ 0.0424, -0.0970, -0.0280, -0.0081,  0.0080],
         [ 0.0227,  0.0597, -0.0934,  0.0260, -0.0939],
         [ 0.0046,  0.0562,  0.1339,  0.1282,  0.1087]],

        [[ 0.1635,  0.1758,  0.0843, -0.0199, -0.0379],
         [ 0.1686,  0.1567,  0.1407,  0.0726, -0.0258],
         [ 0.1130,  0.0140,  0.1035,  0.0474,  0.0799],
         [ 0.0769,  0.0281,  0.0978,  0.1130,  0.1220],
         [ 0.0513,  0.0518,  0.0977,  0.0072,  0.0844]]],
       grad_fn=<SelectBackward>)
QUANT WEIGHT 1 LAYER:
tensor([[[-0.0991, -0.0154, -0.1035, -0.0506, -0.0044],
         [-0.1717, -0.1035, -0.0859, -0.1189, -0.1475],
         [-0.2070, -0.1409, -0.1717, -0.1563, -0.1563],
         [-0.0683, -0.0859,  0.0132, -0.1585, -0.1585],
         [-0.0088,  0.0242, -0.0154, -0.0793,  0.0132]],

        [[-0.0154, -0.0264, -0.0308,  0.0132,  0.0022],
         [ 0.0484,  0.0661,  0.1189,  0.0661,  0.0925],
         [ 0.0418, -0.0969, -0.0286, -0.0088,  0.0088],
         [ 0.0220,  0.0594, -0.0925,  0.0264, -0.0947],
         [ 0.0044,  0.0572,  0.1343,  0.1277,  0.1079]],

        [[ 0.1629,  0.1761,  0.0837, -0.0198, -0.0374],
         [ 0.1695,  0.1563,  0.1409,  0.0727, -0.0264],
         [ 0.1123,  0.0132,  0.1035,  0.0484,  0.0793],
         [ 0.0771,  0.0286,  0.0969,  0.1123,  0.1211],
         [ 0.0506,  0.0528,  0.0969,  0.0066,  0.0837]]],
       grad_fn=<SelectBackward>)
WEIGHT FROM MODULE 1 LAYER:
tensor([[[-0.0992, -0.0155, -0.1032, -0.0515, -0.0053],
         [-0.1707, -0.1028, -0.0865, -0.1187, -0.1465],
         [-0.2066, -0.1404, -0.1725, -0.1570, -0.1556],
         [-0.0684, -0.0862,  0.0138, -0.1585, -0.1578],
         [-0.0083,  0.0239, -0.0151, -0.0799,  0.0143]],

        [[-0.0148, -0.0271, -0.0317,  0.0136,  0.0020],
         [ 0.0485,  0.0651,  0.1181,  0.0670,  0.0922],
         [ 0.0424, -0.0970, -0.0280, -0.0081,  0.0080],
         [ 0.0227,  0.0597, -0.0934,  0.0260, -0.0939],
         [ 0.0046,  0.0562,  0.1339,  0.1282,  0.1087]],

        [[ 0.1635,  0.1758,  0.0843, -0.0199, -0.0379],
         [ 0.1686,  0.1567,  0.1407,  0.0726, -0.0258],
         [ 0.1130,  0.0140,  0.1035,  0.0474,  0.0799],
         [ 0.0769,  0.0281,  0.0978,  0.1130,  0.1220],
         [ 0.0513,  0.0518,  0.0977,  0.0072,  0.0844]]],
       grad_fn=<SelectBackward>)

